Config (path: configs/culane_res18.py): {'dataset': 'CULane', 'data_root': '/home/uyng/Ultra-Fast-Lane-Detection-V2/dataset/culane', 'epoch': 50, 'batch_size': 32, 'optimizer': 'SGD', 'learning_rate': 0.05, 'weight_decay': 0.0001, 'momentum': 0.9, 'scheduler': 'multi', 'steps': [25, 38], 'gamma': 0.1, 'warmup': 'linear', 'warmup_iters': 695, 'use_aux': False, 'griding_num': 200, 'backbone': '18', 'sim_loss_w': 0.0, 'shp_loss_w': 0.0, 'note': '', 'log_path': './train/culane', 'finetune': None, 'resume': None, 'test_model': '', 'test_work_dir': './train/culane/20230917_130418_lr_5e-02_b_32', 'tta': True, 'num_lanes': 4, 'var_loss_power': 2.0, 'auto_backup': True, 'num_row': 72, 'num_col': 81, 'train_width': 1600, 'train_height': 320, 'num_cell_row': 200, 'num_cell_col': 100, 'mean_loss_w': 0.05, 'fc_norm': True, 'crop_ratio': 0.6, 'row_anchor': array([0.42      , 0.42816901, 0.43633803, 0.44450704, 0.45267606,
       0.46084507, 0.46901408, 0.4771831 , 0.48535211, 0.49352113,
       0.50169014, 0.50985915, 0.51802817, 0.52619718, 0.5343662 ,
       0.54253521, 0.55070423, 0.55887324, 0.56704225, 0.57521127,
       0.58338028, 0.5915493 , 0.59971831, 0.60788732, 0.61605634,
       0.62422535, 0.63239437, 0.64056338, 0.64873239, 0.65690141,
       0.66507042, 0.67323944, 0.68140845, 0.68957746, 0.69774648,
       0.70591549, 0.71408451, 0.72225352, 0.73042254, 0.73859155,
       0.74676056, 0.75492958, 0.76309859, 0.77126761, 0.77943662,
       0.78760563, 0.79577465, 0.80394366, 0.81211268, 0.82028169,
       0.8284507 , 0.83661972, 0.84478873, 0.85295775, 0.86112676,
       0.86929577, 0.87746479, 0.8856338 , 0.89380282, 0.90197183,
       0.91014085, 0.91830986, 0.92647887, 0.93464789, 0.9428169 ,
       0.95098592, 0.95915493, 0.96732394, 0.97549296, 0.98366197,
       0.99183099, 1.        ]), 'col_anchor': array([0.    , 0.0125, 0.025 , 0.0375, 0.05  , 0.0625, 0.075 , 0.0875,
       0.1   , 0.1125, 0.125 , 0.1375, 0.15  , 0.1625, 0.175 , 0.1875,
       0.2   , 0.2125, 0.225 , 0.2375, 0.25  , 0.2625, 0.275 , 0.2875,
       0.3   , 0.3125, 0.325 , 0.3375, 0.35  , 0.3625, 0.375 , 0.3875,
       0.4   , 0.4125, 0.425 , 0.4375, 0.45  , 0.4625, 0.475 , 0.4875,
       0.5   , 0.5125, 0.525 , 0.5375, 0.55  , 0.5625, 0.575 , 0.5875,
       0.6   , 0.6125, 0.625 , 0.6375, 0.65  , 0.6625, 0.675 , 0.6875,
       0.7   , 0.7125, 0.725 , 0.7375, 0.75  , 0.7625, 0.775 , 0.7875,
       0.8   , 0.8125, 0.825 , 0.8375, 0.85  , 0.8625, 0.875 , 0.8875,
       0.9   , 0.9125, 0.925 , 0.9375, 0.95  , 0.9625, 0.975 , 0.9875,
       1.    ]), 'distributed': False}